                         module name    input shape output shape      params memory(MB)               MAdd             Flops  MemRead(B)  MemWrite(B) duration[%]     MemR+W(B)
0                      encoder.conv1    4 1024 1024   64 512 512     12,608.0      64.00    6,576,668,672.0   3,305,111,552.0  16827648.0   67108864.0       9.78%  8.393651e+07
1                       encoder.relu     64 512 512   64 512 512         0.0      64.00       16,777,216.0      16,777,216.0  67108864.0   67108864.0       0.40%  1.342177e+08
2                    encoder.maxpool     64 512 512   64 256 256         0.0      16.00       33,554,432.0      16,777,216.0  67108864.0   16777216.0       8.75%  8.388608e+07
3             encoder.layer1.0.conv1     64 256 256   64 256 256     36,928.0      16.00    4,831,838,208.0   2,420,113,408.0  16924928.0   16777216.0       4.76%  3.370214e+07
4              encoder.layer1.0.relu     64 256 256   64 256 256         0.0      16.00        4,194,304.0       4,194,304.0  16777216.0   16777216.0       0.06%  3.355443e+07
5             encoder.layer1.0.conv2     64 256 256   64 256 256     36,928.0      16.00    4,831,838,208.0   2,420,113,408.0  16924928.0   16777216.0       3.89%  3.370214e+07
6             encoder.layer1.1.conv1     64 256 256   64 256 256     36,928.0      16.00    4,831,838,208.0   2,420,113,408.0  16924928.0   16777216.0       4.89%  3.370214e+07
7              encoder.layer1.1.relu     64 256 256   64 256 256         0.0      16.00        4,194,304.0       4,194,304.0  16777216.0   16777216.0       0.06%  3.355443e+07
8             encoder.layer1.1.conv2     64 256 256   64 256 256     36,928.0      16.00    4,831,838,208.0   2,420,113,408.0  16924928.0   16777216.0       3.91%  3.370214e+07
9             encoder.layer2.0.conv1     64 256 256  128 128 128     73,856.0       8.00    2,415,919,104.0   1,210,056,704.0  17072640.0    8388608.0       2.38%  2.546125e+07
10             encoder.layer2.0.relu    128 128 128  128 128 128         0.0       8.00        2,097,152.0       2,097,152.0   8388608.0    8388608.0       0.03%  1.677722e+07
11            encoder.layer2.0.conv2    128 128 128  128 128 128    147,584.0       8.00    4,831,838,208.0   2,418,016,256.0   8978944.0    8388608.0       3.68%  1.736755e+07
12     encoder.layer2.0.downsample.0     64 256 256  128 128 128      8192.0       8.00      266,338,304.0     134,217,728.0  16809984.0    8388608.0       0.67%  2.519859e+07
13            encoder.layer2.1.conv1    128 128 128  128 128 128    147,584.0       8.00    4,831,838,208.0   2,418,016,256.0   8978944.0    8388608.0       3.64%  1.736755e+07
14             encoder.layer2.1.relu    128 128 128  128 128 128         0.0       8.00        2,097,152.0       2,097,152.0   8388608.0    8388608.0       0.03%  1.677722e+07
15            encoder.layer2.1.conv2    128 128 128  128 128 128    147,584.0       8.00    4,831,838,208.0   2,418,016,256.0   8978944.0    8388608.0       3.53%  1.736755e+07
16            encoder.layer3.0.conv1    128 128 128  256  64  64    295,168.0       4.00    2,415,919,104.0   1,209,008,128.0   9569280.0    4194304.0       2.13%  1.376358e+07
17             encoder.layer3.0.relu    256  64  64  256  64  64         0.0       4.00        1,048,576.0       1,048,576.0   4194304.0    4194304.0       0.02%  8.388608e+06
18            encoder.layer3.0.conv2    256  64  64  256  64  64    590,080.0       4.00    4,831,838,208.0   2,416,967,680.0   6554624.0    4194304.0       3.42%  1.074893e+07
19     encoder.layer3.0.downsample.0    128 128 128  256  64  64     32,768.0       4.00      267,386,880.0     134,217,728.0   8519680.0    4194304.0       0.41%  1.271398e+07
20            encoder.layer3.1.conv1    256  64  64  256  64  64    590,080.0       4.00    4,831,838,208.0   2,416,967,680.0   6554624.0    4194304.0       3.27%  1.074893e+07
21             encoder.layer3.1.relu    256  64  64  256  64  64         0.0       4.00        1,048,576.0       1,048,576.0   4194304.0    4194304.0       0.02%  8.388608e+06
22            encoder.layer3.1.conv2    256  64  64  256  64  64    590,080.0       4.00    4,831,838,208.0   2,416,967,680.0   6554624.0    4194304.0       3.12%  1.074893e+07
23            encoder.layer4.0.conv1    256  64  64  512  32  32   1,180,160.0       2.00    2,415,919,104.0   1,208,483,840.0   8914944.0    2097152.0       2.09%  1.101210e+07
24             encoder.layer4.0.relu    512  32  32  512  32  32         0.0       2.00          524,288.0         524,288.0   2097152.0    2097152.0       0.01%  4.194304e+06
25            encoder.layer4.0.conv2    512  32  32  512  32  32   2,359,808.0       2.00    4,831,838,208.0   2,416,443,392.0  11536384.0    2097152.0       3.23%  1.363354e+07
26     encoder.layer4.0.downsample.0    256  64  64  512  32  32    131,072.0       2.00      267,911,168.0     134,217,728.0   4718592.0    2097152.0       0.28%  6.815744e+06
27            encoder.layer4.1.conv1    512  32  32  512  32  32   2,359,808.0       2.00    4,831,838,208.0   2,416,443,392.0  11536384.0    2097152.0       3.01%  1.363354e+07
28             encoder.layer4.1.relu    512  32  32  512  32  32         0.0       2.00          524,288.0         524,288.0   2097152.0    2097152.0       0.01%  4.194304e+06
29            encoder.layer4.1.conv2    512  32  32  512  32  32   2,359,808.0       2.00    4,831,838,208.0   2,416,443,392.0  11536384.0    2097152.0       2.96%  1.363354e+07
30               spp.spp.spp_bn.relu    512  32  32  512  32  32         0.0       2.00          524,288.0         524,288.0   2097152.0    2097152.0       0.01%  4.194304e+06
31               spp.spp.spp_bn.conv    512  32  32  128  32  32     65,664.0       0.50      134,217,728.0      67,239,936.0   2359808.0     524288.0       0.18%  2.884096e+06
32                 spp.spp.spp0.relu    128   8   8  128   8   8         0.0       0.03            8,192.0           8,192.0     32768.0      32768.0       0.00%  6.553600e+04
33                 spp.spp.spp0.conv    128   8   8   42   8   8      5,418.0       0.01          688,128.0         346,752.0     54440.0      10752.0       0.03%  6.519200e+04
34                 spp.spp.spp1.relu    128   4   4  128   4   4         0.0       0.01            2,048.0           2,048.0      8192.0       8192.0       0.00%  1.638400e+04
35                 spp.spp.spp1.conv    128   4   4   42   4   4      5,418.0       0.00          172,032.0          86,688.0     29864.0       2688.0       0.02%  3.255200e+04
36                 spp.spp.spp2.relu    128   2   2  128   2   2         0.0       0.00              512.0             512.0      2048.0       2048.0       0.00%  4.096000e+03
37                 spp.spp.spp2.conv    128   2   2   42   2   2      5,418.0       0.00           43,008.0          21,672.0     23720.0        672.0       0.01%  2.439200e+04
38             spp.spp.spp_fuse.relu    254  32  32  254  32  32         0.0       0.99          260,096.0         260,096.0   1040384.0    1040384.0       0.00%  2.080768e+06
39             spp.spp.spp_fuse.conv    254  32  32  128  32  32     32,640.0       0.50       66,584,576.0      33,423,360.0   1170944.0     524288.0       0.12%  1.695232e+06
40        decoder.up1.skip_conv.relu    256  64  64  256  64  64         0.0       4.00        1,048,576.0       1,048,576.0   4194304.0    4194304.0       0.03%  8.388608e+06
41        decoder.up1.skip_conv.conv    256  64  64  128  64  64     32,896.0       2.00      268,435,456.0     134,742,016.0   4325888.0    2097152.0       0.28%  6.423040e+06
42       decoder.up1.blend_conv.relu    128  64  64  128  64  64         0.0       2.00          524,288.0         524,288.0   2097152.0    2097152.0       0.01%  4.194304e+06
43       decoder.up1.blend_conv.conv    128  64  64  128  64  64    147,584.0       2.00    1,207,959,552.0     604,504,064.0   2687488.0    2097152.0       0.85%  4.784640e+06
44        decoder.up2.skip_conv.relu    128 128 128  128 128 128         0.0       8.00        2,097,152.0       2,097,152.0   8388608.0    8388608.0       0.04%  1.677722e+07
45        decoder.up2.skip_conv.conv    128 128 128  128 128 128     16,512.0       8.00      536,870,912.0     270,532,608.0   8454656.0    8388608.0       0.88%  1.684326e+07
46       decoder.up2.blend_conv.relu    128 128 128  128 128 128         0.0       8.00        2,097,152.0       2,097,152.0   8388608.0    8388608.0       0.03%  1.677722e+07
47       decoder.up2.blend_conv.conv    128 128 128  128 128 128    147,584.0       8.00    4,831,838,208.0   2,418,016,256.0   8978944.0    8388608.0       3.43%  1.736755e+07
48        decoder.up3.skip_conv.relu     64 256 256   64 256 256         0.0      16.00        4,194,304.0       4,194,304.0  16777216.0   16777216.0       0.08%  3.355443e+07
49        decoder.up3.skip_conv.conv     64 256 256  128 256 256      8,320.0      32.00    1,073,741,824.0     545,259,520.0  16810496.0   33554432.0       3.67%  5.036493e+07
50       decoder.up3.blend_conv.relu    128 256 256  128 256 256         0.0      32.00        8,388,608.0       8,388,608.0  33554432.0   33554432.0       0.25%  6.710886e+07
51       decoder.up3.blend_conv.conv    128 256 256  128 256 256    147,584.0      32.00   19,327,352,832.0   9,672,065,024.0  34144768.0   33554432.0      14.77%  6.769920e+07
52                         post.relu    128 256 256  128 256 256         0.0      32.00        8,388,608.0       8,388,608.0  33554432.0   33554432.0       0.16%  6.710886e+07
53                         post.conv    128 256 256    3 256 256       387.0       0.75       50,331,648.0      25,362,432.0  33555980.0     786432.0       0.70%  3.434241e+07
total                                                             11789377.0     528.80  105,031,789,056.0  52,618,466,248.0  33555980.0     786432.0     100.00%  1.205690e+09
===============================================================================================================================================================================
Total params: 11,789,377
-------------------------------------------------------------------------------------------------------------------------------------------------------------------------------
Total memory: 528.80MB
Total MAdd: 105.03GMAdd
Total Flops: 52.62GFlops
Total MemR+W: 1.12GB

参数量上：中间膨胀
内存上：两端膨胀

